Initializing I2C devices...
Testing device connections...
MPU6050 connection successful
Initializing DMP...
Success! DMP code written and verified.
Success! DMP configuration written and verified.
Current FIFO count=0
Waiting for FIFO count > 2...
Current FIFO count=41Enabling DMP...
DMP ready!
euler   -0.08   13.74    0.83    
euler   -0.13   13.67    0.89    
euler   -0.17   13.60    0.96    
euler   -0.21   13.55    1.02    
euler   -0.25   13.48    1.09    
euler   -0.29   13.42    1.15    
euler   -0.34   13.36    1.21    
euler   -0.38   13.32    1.26    
euler   -0.43   13.26    1.32    
euler   -0.48   13.21    1.37    
euler   -0.52   13.16    1.41    
euler   -0.56   13.12    1.46    
euler   -0.61   13.07    1.51    
euler   -0.65   13.03    1.55    
euler   -0.70   12.98    1.60    
euler   -0.74   12.94    1.63    
euler   -0.79   12.90    1.67    
euler   -0.83   12.87    1.71    
euler   -0.87   12.83    1.75    
euler   -0.92   12.80    1.78    
euler   -0.96   12.77    1.81    
euler   -1.00   12.74    1.84    
euler   -1.05   12.70    1.87    
euler   -1.09   12.67    1.90    
euler   -1.14   12.64    1.92    
euler   -1.18   12.62    1.95    
euler   -1.22   12.59    1.98    
euler   -1.27   12.57    2.00    
euler   -1.31   12.55    2.02    
euler   -1.36   12.52    2.04    
euler   -1.40   12.50    2.06    
euler   -1.44   12.48    2.08    
euler   -1.49   12.46    2.10    
euler   -1.54   12.44    2.12    
euler   -1.58   12.42    2.14    
euler   -1.62   12.40    2.15    
euler   -1.67   12.39    2.16    
euler   -1.71   12.37    2.17    
euler   -1.75   12.35    2.19    
euler   -1.80   12.34    2.20    
euler   -1.84   12.32    2.22    
euler   -1.89   12.30    2.22    
euler   -1.93   12.28    2.24    
euler   -1.97   12.27    2.25    
euler   -2.02   12.26    2.26    
euler   -2.06   12.25    2.27    
euler   -2.11   12.24    2.28    
euler   -2.15   12.23    2.29    
euler   -2.20   12.21    2.29    
euler   -2.24   12.20    2.30    
euler   -2.28   12.19    2.30    
euler   -2.33   12.17    2.31    
euler   -2.37   12.17    2.32    
euler   -2.41   12.16    2.32    
euler   -2.45   12.15    2.32    
euler   -2.50   12.14    2.33    
euler   -2.55   12.13    2.33    
euler   -2.59   12.12    2.33    
euler   -2.64   12.11    2.34    
euler   -2.68   12.11    2.34    
euler   -2.72   12.10    2.34    
euler   -2.77   12.09    2.35    
euler   -2.81   12.09    2.34    
euler   -2.85   12.08    2.34    
euler   -2.90   12.08    2.35    
euler   -2.94   12.07    2.34    
euler   -2.99   12.06    2.34    
euler   -3.03   12.06    2.34    
euler   -3.07   12.06    2.33    
euler   -3.12   12.05    2.34    
euler   -3.17   12.05    2.34    
euler   -3.21   12.04    2.34    
euler   -3.25   12.03    2.34    
euler   -3.29   12.03    2.33    
euler   -3.34   12.03    2.33    
euler   -3.39   12.02    2.32    
euler   -3.43   12.02    2.33    
euler   -3.47   12.02    2.32    
euler   -3.51   12.01    2.32    
euler   -3.56   12.00    2.31    
euler   -3.60   12.01    2.32    
euler   -3.64   12.01    2.31    
euler   -3.68   12.01    2.31    
euler   -3.73   12.00    2.30    
euler   -3.78   12.00    2.30    
euler   -3.82   12.00    2.29    
euler   -3.86   12.00    2.29    
euler   -3.90   11.99    2.29    
euler   -3.95   11.99    2.28    
euler   -3.99   11.99    2.28    
euler   -4.03   11.99    2.27    
euler   -4.08   11.99    2.26    
euler   -4.12   11.98    2.26    
euler   -4.16   11.98    2.25    
euler   -4.20   11.98    2.24    
euler   -4.25   11.98    2.24    
euler   -4.29   11.98    2.23    
euler   -4.33   11.98    2.22    
euler   -4.38   11.99    2.22    
euler   -4.42   11.99    2.21    
euler   -4.46   11.99    2.21    
euler   -4.50   11.99    2.20    
euler   -4.55   11.99    2.19    
euler   -4.59   11.99    2.19    
euler   -4.63   11.98    2.18    
euler   -4.68   11.98    2.18    
euler   -4.73   11.98    2.16    
euler   -4.77   11.99    2.16    
euler   -4.81   11.98    2.15    
euler   -4.86   11.98    2.14    
euler   -4.90   11.98    2.14    
euler   -4.94   11.98    2.14    
euler   -4.98   11.98    2.12    
euler   -5.03   11.98    2.12    
euler   -5.07   11.98    2.11    
euler   -5.11   11.98    2.10    
euler   -5.16   11.98    2.10    
euler   -5.20   11.98    2.09    
euler   -5.24   11.99    2.08    
euler   -5.29   11.99    2.07    
euler   -5.33   11.99    2.07    
euler   -5.37   11.99    2.05    
euler   -5.41   11.99    2.05    
euler   -5.46   11.99    2.04    
euler   -5.50   11.99    2.03    
euler   -5.54   11.99    2.02    
euler   -5.59   11.99    2.02    
euler   -5.63   11.98    2.01    
euler   -5.67   11.98    2.00    
euler   -5.72   11.99    2.00    
euler   -5.76   11.99    1.99    
euler   -5.80   11.99    1.98    
euler   -5.84   11.99    1.98    
euler   -5.89   11.99    1.97    
euler   -5.93   12.00    1.96    
euler   -5.97   12.00    1.95    
euler   -6.02   12.00    1.94    
euler   -6.06   12.00    1.93    
euler   -6.10   12.00    1.92    
euler   -6.15   12.00    1.92    
euler   -6.19   12.00    1.91    
euler   -6.23   12.00    1.89    
euler   -6.28   12.00    1.89    
euler   -6.32   12.00    1.88    
euler   -6.36   12.00    1.87    
euler   -6.41   12.00    1.86    
euler   -6.45   12.00    1.85    
euler   -6.50   12.01    1.84    
euler   -6.54   12.00    1.83    
euler   -6.58   12.00    1.83    
euler   -6.62   12.01    1.82    
euler   -6.67   12.01    1.81    
euler   -6.72   12.01    1.79    
euler   -6.75   12.01    1.79    
euler   -6.80   12.01    1.79    
euler   -6.84   12.01    1.77    
euler   -6.88   12.01    1.77    
euler   -6.92   12.01    1.76    
euler   -6.97   12.01    1.75    
euler   -7.01   12.01    1.74    
euler   -7.06   12.01    1.74    
euler   -7.10   12.01    1.73    
euler   -7.15   12.02    1.72    
euler   -7.18   12.01    1.71    
euler   -7.23   12.02    1.70    
euler   -7.28   12.02    1.69    
euler   -7.32   12.02    1.68    
euler   -7.36   12.02    1.68    
euler   -7.40   12.02    1.67    
euler   -7.44   12.02    1.66    
euler   -7.48   12.02    1.65    
euler   -7.53   12.02    1.64    
euler   -7.57   12.02    1.63    
euler   -7.62   12.02    1.62    
euler   -7.66   12.02    1.61    
euler   -7.70   12.02    1.61    
euler   -7.74   12.02    1.59    
euler   -7.79   12.02    1.59    
euler   -7.83   12.02    1.58    
euler   -7.87   12.02    1.57    
euler   -7.92   12.01    1.56    
euler   -7.96   12.02    1.55    
euler   -8.00   12.02    1.55    
euler   -8.05   12.02    1.53    
euler   -8.09   12.03    1.53    
euler   -8.13   12.03    1.52    
euler   -8.18   12.03    1.51    
euler   -8.22   12.03    1.50    
euler   -8.26   12.03    1.49    
euler   -8.31   12.04    1.49    
euler   -8.36   12.04    1.47    
euler   -8.40   12.04    1.46    
euler   -8.44   12.04    1.46    
euler   -8.48   12.05    1.45    
euler   -8.53   12.05    1.44    
euler   -8.57   12.05    1.43    
euler   -8.62   12.05    1.42    
euler   -8.66   12.05    1.41    
euler   -8.70   12.05    1.40    
euler   -8.75   12.05    1.39    
euler   -8.79   12.05    1.38    
euler   -8.83   12.06    1.37    
euler   -8.88   12.07    1.37    
euler   -8.92   12.07    1.36    
euler   -8.96   12.07    1.35    
euler   -9.01   12.07    1.34    
euler   -9.05   12.08    1.33    
euler   -9.09   12.08    1.32    
euler   -9.14   12.08    1.32    
euler   -9.18   12.08    1.31    
euler   -9.22   12.08    1.30    
euler   -9.26   12.08    1.29    
euler   -9.31   12.08    1.29    
euler   -9.35   12.08    1.27    
euler   -9.39   12.08    1.27    
euler   -9.44   12.08    1.26    
euler   -9.48   12.08    1.25    
euler   -9.52   12.08    1.24    
euler   -9.56   12.08    1.23    
euler   -9.60   12.08    1.22    
euler   -9.65   12.08    1.21    
euler   -9.69   12.08    1.20    
euler   -9.73   12.08    1.20    
euler   -9.78   12.08    1.19    
euler   -9.83   12.08    1.18    
euler   -9.86   12.08    1.17    
euler   -9.91   12.08    1.16    
euler   -9.95   12.08    1.15    
euler   -9.99   12.08    1.14    
euler  -10.04   12.07    1.14    
euler  -10.08   12.08    1.13    
euler  -10.12   12.08    1.12    
euler  -10.17   12.08    1.10    
euler  -10.21   12.08    1.10    
euler  -10.26   12.09    1.09    
euler  -10.30   12.09    1.08    
euler  -10.34   12.09    1.07    
euler  -10.38   12.09    1.07    
euler  -10.43   12.09    1.05    
euler  -10.47   12.09    1.04    
euler  -10.51   12.09    1.03    
euler  -10.56   12.09    1.03    
euler  -10.60   12.09    1.01    
euler  -10.64   12.09    1.01    
euler  -10.69   12.09    1.00    
euler  -10.74   12.10    0.99    
euler  -10.78   12.10    0.98    
euler  -10.82   12.10    0.97    
euler  -10.86   12.10    0.96    
euler  -10.90   12.10    0.95    
euler  -10.95   12.09    0.94    
euler  -10.99   12.09    0.93    
euler  -11.03   12.09    0.93    
euler  -11.08   12.09    0.91    
euler  -11.12   12.09    0.91    
euler  -11.16   12.09    0.90    
euler  -11.21   12.10    0.89    
euler  -11.25   12.10    0.87    
euler  -11.29   12.09    0.87    
euler  -11.34   12.09    0.86    
euler  -11.38   12.09    0.85    
euler  -11.42   12.09    0.84    
euler  -11.47   12.10    0.83    
euler  -11.51   12.09    0.82    
euler  -11.55   12.10    0.81    
euler  -11.60   12.10    0.80    
euler  -11.64   12.10    0.79    
euler  -11.68   12.10    0.79    
euler  -11.73   12.10    0.78    
euler  -11.77   12.10    0.77    
euler  -11.81   12.10    0.76    
euler  -11.86   12.10    0.75    
euler  -11.90   12.10    0.74    
euler  -11.95   12.10    0.73    
euler  -11.99   12.10    0.72    
euler  -12.03   12.10    0.72    
euler  -12.07   12.10    0.70    
euler  -12.12   12.10    0.69    
euler  -12.16   12.09    0.69    
euler  -12.17   12.13    0.62    
euler  -12.17   12.18    0.52    
euler  -12.17   12.22    0.43    
euler  -12.16   12.26    0.35    
euler  -12.17   12.30    0.27    
euler  -12.16   12.34    0.19    
euler  -12.16   12.37    0.11    
euler  -12.16   12.41    0.04    
euler  -12.17   12.45   -0.04    
euler  -12.16   12.48   -0.10    
euler  -12.16   12.51   -0.17    
euler  -12.16   12.55   -0.24    
euler  -12.16   12.58   -0.30    
euler  -12.16   12.61   -0.36    
euler  -12.16   12.63   -0.42    
euler  -12.16   12.66   -0.47    
euler  -12.16   12.69   -0.53    
euler  -12.16   12.72   -0.57    
euler  -12.16   12.75   -0.63    
euler  -12.15   12.77   -0.68    
euler  -12.15   12.79   -0.72    
euler  -12.14   12.82   -0.77    
euler  -12.15   12.83   -0.82    
euler  -12.15   12.86   -0.86    
euler  -12.15   12.87   -0.89    
euler  -12.15   12.90   -0.93    
euler  -12.15   12.92   -0.97    
euler  -12.15   12.94   -1.01    
euler  -12.14   12.96   -1.04    
euler  -12.14   12.98   -1.07    
euler  -12.14   12.99   -1.11    
euler  -12.13   13.01   -1.14    
euler  -12.14   13.02   -1.17    
euler  -12.13   13.03   -1.20    
euler  -12.13   13.04   -1.23    
euler  -12.14   13.06   -1.26    
euler  -12.13   13.07   -1.28    
euler  -12.13   13.09   -1.31    
euler  -12.13   13.10   -1.33    
euler  -12.13   13.12   -1.36    
euler  -12.13   13.13   -1.38    
euler  -12.13   13.14   -1.40    
euler  -12.13   13.15   -1.42    
euler  -12.12   13.16   -1.45    
euler  -12.13   13.18   -1.47    
euler  -12.12   13.19   -1.49    
euler  -12.13   13.20   -1.51    
euler  -12.12   13.20   -1.53    
euler  -12.12   13.22   -1.54    
euler  -12.12   13.22   -1.56    
euler  -12.12   13.24   -1.57    
euler  -12.11   13.24   -1.60    
euler  -12.12   13.25   -1.61    
euler  -12.12   13.26   -1.63    
euler  -12.11   13.26   -1.64    
euler  -12.12   13.27   -1.66    
euler  -12.11   13.27   -1.67    
euler  -12.11   13.29   -1.68    
euler  -12.11   13.29   -1.69    
euler  -12.11   13.30   -1.71    
euler  -12.11   13.31   -1.71    
euler  -12.10   13.31   -1.73    
euler  -12.11   13.32   -1.74    
euler  -12.11   13.32   -1.75    
euler  -12.11   13.33   -1.76    
euler  -12.10   13.33   -1.77    
euler  -12.10   13.33   -1.77    
euler  -12.10   13.34   -1.78    
euler  -12.10   13.34   -1.79    
euler  -12.10   13.35   -1.80    
euler  -12.10   13.35   -1.81    
euler  -12.10   13.36   -1.82    
euler  -12.10   13.36   -1.83    
euler  -12.10   13.37   -1.83    
euler  -12.09   13.37   -1.84    
euler  -12.09   13.38   -1.85    
euler  -12.09   13.38   -1.86    
euler  -12.09   13.38   -1.86    
euler  -12.09   13.39   -1.86    
euler  -12.09   13.39   -1.87    
euler  -12.08   13.39   -1.88    
euler  -12.08   13.39   -1.88    
euler  -12.08   13.40   -1.89    
euler  -12.08   13.40   -1.89    
euler  -12.09   13.41   -1.90    
euler  -12.08   13.41   -1.91    
euler  -12.08   13.41   -1.91    
euler  -12.08   13.41   -1.91    
euler  -12.08   13.41   -1.91    
euler  -12.07   13.41   -1.92    
euler  -12.07   13.42   -1.92    
euler  -12.08   13.42   -1.93    
euler  -12.08   13.42   -1.93    
euler  -12.08   13.42   -1.94    
euler  -12.07   13.43   -1.94    
euler  -12.07   13.43   -1.94    
euler  -12.07   13.43   -1.94    
euler  -12.07   13.43   -1.95    
euler  -12.06   13.43   -1.95    
euler  -12.06   13.43   -1.96    
euler  -12.06   13.43   -1.96    
euler  -12.06   13.44   -1.96    
euler  -12.06   13.44   -1.96    
euler  -12.06   13.44   -1.96    
euler  -12.06   13.43   -1.97    
euler  -12.06   13.43   -1.98    
euler  -12.06   13.43   -1.98    
euler  -12.05   13.43   -1.98    
euler  -12.05   13.43   -1.98    
euler  -12.05   13.43   -1.98    
euler  -12.05   13.43   -1.98    
euler  -12.05   13.43   -1.98    
euler  -12.05   13.44   -1.98    
euler  -12.05   13.44   -1.98    
euler  -12.05   13.44   -1.98    
euler  -12.04   13.44   -1.99    
euler  -12.04   13.45   -1.99    
euler  -12.04   13.45   -1.99    
euler  -12.04   13.45   -2.00    
euler  -12.04   13.45   -1.99    
euler  -12.03   13.45   -2.00    
euler  -12.03   13.45   -2.00    
euler  -12.04   13.45   -2.00    
euler  -12.03   13.45   -2.00    
euler  -12.03   13.45   -2.00    
euler  -12.03   13.45   -2.00    
euler  -12.03   13.45   -2.00    
euler  -12.03   13.44   -2.01    
euler  -12.03   13.44   -2.01    
euler  -12.02   13.44   -2.01    
euler  -12.02   13.44   -2.01    
euler  -12.02   13.44   -2.01    
euler  -12.02   13.44   -2.02    
euler  -12.02   13.44   -2.02    
euler  -12.02   13.44   -2.01    
euler  -12.02   13.44   -2.01    
euler  -12.02   13.45   -2.01    
euler  -12.02   13.45   -2.01    
euler  -12.02   13.45   -2.01    
euler  -12.02   13.46   -2.02    
euler  -12.02   13.46   -2.02    
euler  -12.01   13.46   -2.02    
euler  -12.01   13.46   -2.02    
euler  -12.01   13.46   -2.02    
euler  -12.01   13.47   -2.02    
euler  -12.00   13.46   -2.02    
euler  -12.01   13.46   -2.02    
euler  -12.00   13.47   -2.02    
euler  -12.00   13.46   -2.02    
euler  -12.00   13.46   -2.02    
euler  -12.00   13.46   -2.02    
euler  -11.99   13.46   -2.02    
euler  -11.99   13.47   -2.02    
euler  -11.99   13.47   -2.02    
euler  -11.99   13.47   -2.02    
euler  -12.00   13.46   -2.03    
euler  -12.00   13.46   -2.04    
euler  -12.00   13.46   -2.04    
euler  -12.00   13.46   -2.04    
euler  -12.00   13.46   -2.04    
euler  -12.00   13.46   -2.05    
euler  -12.00   13.46   -2.06    
euler  -12.00   13.46   -2.06    
euler  -12.00   13.46   -2.06    
euler  -12.00   13.46   -2.07    
euler  -12.00   13.46   -2.07    
euler  -12.00   13.46   -2.07    
euler  -12.00   13.46   -2.07    
euler  -12.00   13.46   -2.07    
euler  -11.99   13.46   -2.07    
euler  -11.99   13.46   -2.07    
euler  -11.99   13.46   -2.07    
euler  -11.99   13.46   -2.08    
euler  -11.99   13.45   -2.08    
euler  -11.99   13.45   -2.09    
euler  -11.99   13.45   -2.09    
euler  -11.99   13.45   -2.09    
euler  -11.99   13.45   -2.09    
euler  -11.99   13.45   -2.09    
euler  -11.99   13.45   -2.09    
euler  -11.99   13.45   -2.09    
euler  -11.99   13.45   -2.09    
euler  -11.99   13.45   -2.09    
euler  -12.00   13.45   -2.09    
euler  -12.00   13.45   -2.09    
euler  -12.00   13.44   -2.10    
euler  -12.00   13.44   -2.10    
euler  -12.00   13.44   -2.10    
euler  -12.00   13.44   -2.10    
euler  -12.00   13.44   -2.10    
euler  -12.00   13.44   -2.11    
euler  -12.00   13.44   -2.11    
euler  -12.00   13.44   -2.11    
euler  -12.00   13.44   -2.11    
euler  -12.00   13.44   -2.11    
euler  -12.00   13.44   -2.11    
euler  -12.00   13.44   -2.11    
euler  -12.00   13.44   -2.11    
euler  -12.00   13.44   -2.11    
euler  -12.00   13.44   -2.11    
euler  -12.00   13.44   -2.11    
euler  -12.00   13.44   -2.11    
euler  -12.00   13.45   -2.11    
euler  -12.01   13.45   -2.11    
euler  -12.01   13.45   -2.12    
euler  -12.01   13.45   -2.12    
euler  -12.01   13.45   -2.12    
euler  -12.01   13.45   -2.12    
euler  -12.01   13.45   -2.12    
euler  -12.01   13.45   -2.12    
euler  -12.01   13.45   -2.12    
euler  -12.01   13.45   -2.12    
euler  -12.01   13.45   -2.12    
euler  -12.01   13.45   -2.12    
euler  -12.02   13.45   -2.12    
euler  -12.02   13.45   -2.12    
euler  -12.02   13.45   -2.13    
euler  -12.02   13.45   -2.13    
euler  -12.02   13.45   -2.13    
euler  -12.02   13.45   -2.13    
euler  -12.02   13.45   -2.13    
euler  -12.02   13.45   -2.13    
euler  -12.02   13.45   -2.13    
euler  -12.02   13.45   -2.14    
euler  -12.02   13.45   -2.14    
euler  -12.02   13.45   -2.14    
euler  -12.02   13.45   -2.14    
euler  -12.02   13.45   -2.14    
euler  -12.02   13.45   -2.14    
euler  -12.02   13.45   -2.14    
euler  -12.02   13.45   -2.14    
euler  -12.02   13.45   -2.14    
euler  -12.02   13.45   -2.14    
euler  -12.02   13.45   -2.14    
euler  -12.02   13.45   -2.14    
euler  -12.02   13.45   -2.14    
euler  -12.02   13.45   -2.14    
euler  -12.02   13.45   -2.14    
euler  -12.02   13.45   -2.13    
euler  -12.02   13.45   -2.14    
euler  -12.02   13.45   -2.14    
euler  -12.03   13.45   -2.14    
euler  -12.03   13.45   -2.14    
euler  -12.03   13.45   -2.14    
euler  -12.03   13.45   -2.14    
euler  -12.03   13.45   -2.14    
euler  -12.03   13.45   -2.15    
euler  -12.03   13.45   -2.14    
euler  -12.03   13.45   -2.14    
euler  -12.03   13.45   -2.15    
euler  -12.03   13.45   -2.15    
euler  -12.03   13.45   -2.14    
euler  -12.03   13.45   -2.14    
euler  -12.03   13.45   -2.14    
euler  -12.03   13.45   -2.14    
euler  -12.04   13.45   -2.14    
euler  -12.04   13.45   -2.14    
euler  -12.04   13.45   -2.14    
euler  -12.04   13.45   -2.13    
euler  -12.04   13.45   -2.14    
euler  -12.04   13.45   -2.13    
euler  -12.04   13.45   -2.14    
euler  -12.04   13.45   -2.14    
euler  -12.04   13.45   -2.14    
euler  -12.04   13.45   -2.14    
euler  -12.04   13.45   -2.14    
euler  -12.04   13.45   -2.14    
euler  -12.04   13.45   -2.14    
euler  -12.04   13.45   -2.13    
euler  -12.04   13.45   -2.13    
euler  -12.04   13.45   -2.13    
euler  -12.04   13.45   -2.13    
euler  -12.04   13.45   -2.13    
euler  -12.04   13.45   -2.13    
euler  -12.04   13.45   -2.13    
euler  -12.04   13.45   -2.13    
euler  -12.04   13.45   -2.13    
euler  -12.04   13.45   -2.13    
euler  -12.04   13.45   -2.13    
euler  -12.04   13.45   -2.13    
euler  -12.04   13.45   -2.13    
euler  -12.04   13.45   -2.13    
euler  -12.04   13.45   -2.13    
euler  -12.05   13.45   -2.13    
euler  -12.04   13.45   -2.13    
euler  -12.05   13.45   -2.13    
euler  -12.05   13.45   -2.13    
euler  -12.05   13.45   -2.13    
euler  -12.05   13.44   -2.13    
euler  -12.05   13.44   -2.13    
euler  -12.05   13.44   -2.13    
euler  -12.05   13.44   -2.13    
euler  -12.05   13.44   -2.13    
euler  -12.05   13.44   -2.13    
euler  -12.05   13.44   -2.13    
euler  -12.05   13.44   -2.13    
euler  -12.05   13.44   -2.13    
euler  -12.05   13.44   -2.13    
euler  -12.05   13.44   -2.13    
euler  -12.05   13.44   -2.13    
euler  -12.06   13.44   -2.13    
euler  -12.05   13.44   -2.13    
euler  -12.05   13.45   -2.13    
euler  -12.06   13.45   -2.13    
euler  -12.06   13.44   -2.13    
euler  -12.06   13.45   -2.13    
euler  -12.06   13.45   -2.13    
euler  -12.06   13.45   -2.13    
euler  -12.06   13.45   -2.13    
euler  -12.06   13.45   -2.13    
euler  -12.06   13.45   -2.13    
euler  -12.06   13.44   -2.13    
euler  -12.06   13.44   -2.13    
euler  -12.06   13.45   -2.13    
euler  -12.06   13.45   -2.13    
euler  -12.06   13.45   -2.13    
euler  -12.06   13.45   -2.13    
euler  -12.06   13.45   -2.14    
euler  -12.06   13.45   -2.13    
euler  -12.06   13.45   -2.13    
euler  -12.06   13.45   -2.13    
euler  -12.06   13.45   -2.13    
euler  -12.06   13.45   -2.14    
euler  -12.06   13.46   -2.14    
euler  -12.06   13.46   -2.14    
euler  -12.07   13.46   -2.14    
euler  -12.07   13.46   -2.14    
euler  -12.07   13.46   -2.14    
euler  -12.07   13.47   -2.14    
euler  -12.07   13.47   -2.13    
euler  -12.07   13.47   -2.13    
euler  -12.07   13.47   -2.13    
euler  -12.07   13.47   -2.13    
euler  -12.07   13.47   -2.13    
euler  -12.07   13.47   -2.13    
euler  -12.07   13.47   -2.13    
euler  -12.07   13.47   -2.13    
euler  -12.07   13.47   -2.14    
euler  -12.07   13.47   -2.14    
euler  -12.07   13.47   -2.14    
euler  -12.07   13.47   -2.14    
euler  -12.07   13.47   -2.14    
euler  -12.07   13.47   -2.14    
euler  -12.07   13.47   -2.14    
euler  -12.07   13.47   -2.14    
euler  -12.07   13.47   -2.14    
euler  -12.07   13.47   -2.14    
euler  -12.07   13.47   -2.14    
euler  -12.07   13.48   -2.14    
euler  -12.07   13.48   -2.14    
euler  -12.07   13.48   -2.14    
euler  -12.07   13.48   -2.14    
euler  -12.07   13.48   -2.15    
euler  -12.07   13.48   -2.15    
euler  -12.07   13.48   -2.15    
euler  -12.07   13.48   -2.15    
euler  -12.07   13.48   -2.15    
euler  -12.07   13.49   -2.15    
euler  -12.07   13.49   -2.15    
euler  -12.07   13.49   -2.15    
euler  -12.07   13.49   -2.15    
euler  -12.07   13.49   -2.15    
euler  -12.07   13.49   -2.15    
euler  -12.07   13.49   -2.15    
euler  -12.08   13.49   -2.16    
euler  -12.07   13.49   -2.15    
euler  -12.07   13.49   -2.15    
euler  -12.07   13.49   -2.15    
euler  -12.07   13.49   -2.15    
euler  -12.08   13.48   -2.15    
euler  -12.08   13.49   -2.15    
euler  -12.08   13.48   -2.15    
euler  -12.08   13.48   -2.15    
euler  -12.08   13.48   -2.14    
euler  -12.08   13.48   -2.15    
euler  -12.08   13.48   -2.15    
euler  -12.08   13.47   -2.15    
euler  -12.08   13.48   -2.15    
euler  -12.08   13.48   -2.15    
euler  -12.08   13.48   -2.16    
euler  -12.08   13.48   -2.15    
euler  -12.08   13.47   -2.15    
euler  -12.08   13.47   -2.15    
euler  -12.08   13.48   -2.16    
euler  -12.08   13.48   -2.16    
euler  -12.08   13.48   -2.16    
euler  -12.08   13.48   -2.16    
euler  -12.08   13.48   -2.16    
euler  -12.08   13.48   -2.16    
euler  -12.08   13.48   -2.16    
euler  -12.08   13.48   -2.16    
euler  -12.08   13.48   -2.16    
euler  -12.08   13.47   -2.15    
euler  -12.08   13.47   -2.15    
euler  -12.08   13.47   -2.15    
euler  -12.08   13.47   -2.15    
euler  -12.08   13.47   -2.15    
euler  -12.08   13.48   -2.16    
euler  -12.08   13.48   -2.16    
euler  -12.08   13.48   -2.16    
euler  -12.08   13.48   -2.16    
euler  -12.08   13.48   -2.16    
euler  -12.08   13.48   -2.16    
euler  -12.09   13.48   -2.16    
euler  -12.09   13.48   -2.16    
euler  -12.09   13.48   -2.16    
euler  -12.09   13.48   -2.16    
euler  -12.09   13.48   -2.16    
euler  -12.09   13.47   -2.16    
euler  -12.09   13.47   -2.16    
euler  -12.09   13.47   -2.16    
euler  -12.10   13.48   -2.16    
euler  -12.10   13.48   -2.16    
euler  -12.09   13.48   -2.16    
euler  -12.10   13.48   -2.16    
euler  -12.10   13.48   -2.16    
euler  -12.10   13.48   -2.16    
euler  -12.10   13.48   -2.16    
euler  -12.10   13.48   -2.16    
euler  -12.10   13.48   -2.16    
euler  -12.10   13.48   -2.16    
euler  -12.10   13.48   -2.16    
euler  -12.10   13.48   -2.16    
euler  -12.10   13.48   -2.16    
euler  -12.10   13.48   -2.16    
euler  -12.10   13.48   -2.16    
euler  -12.10   13.48   -2.16    
euler  -12.10   13.48   -2.17    
euler  -12.10   13.48   -2.17    
euler  -12.10   13.48   -2.17    
euler  -12.10   13.48   -2.17    
euler  -12.10   13.48   -2.16    
euler  -12.10   13.48   -2.16    
euler  -12.10   13.49   -2.16    
euler  -12.10   13.49   -2.17    
euler  -12.10   13.49   -2.17    
euler  -12.10   13.49   -2.17    
euler  -12.10   13.48   -2.16    
euler  -12.10   13.48   -2.16    
euler  -12.10   13.47   -2.16    
euler  -12.10   13.48   -2.16    
euler  -12.10   13.48   -2.16    
euler  -12.10   13.48   -2.16    
euler  -12.10   13.48   -2.16    
euler  -12.10   13.48   -2.16    
euler  -12.10   13.48   -2.16    
euler  -12.10   13.48   -2.16    
euler  -12.10   13.48   -2.16    
euler  -12.10   13.48   -2.16    
euler  -12.10   13.48   -2.16    
euler  -12.10   13.48   -2.16    
euler  -12.10   13.48   -2.16    
euler  -12.10   13.48   -2.16    
euler  -12.10   13.47   -2.16    
euler  -12.10   13.47   -2.16    
euler  -12.10   13.47   -2.16    
euler  -12.10   13.47   -2.16    
euler  -12.11   13.48   -2.16    
euler  -12.11   13.48   -2.17    
euler  -12.11   13.48   -2.17    
euler  -12.10   13.48   -2.16    
euler  -12.11   13.47   -2.17    
euler  -12.11   13.47   -2.17    
euler  -12.11   13.47   -2.16    
euler  -12.11   13.47   -2.16    
euler  -12.11   13.47   -2.16    
euler  -12.11   13.46   -2.16    
euler  -12.11   13.46   -2.16    
euler  -12.12   13.46   -2.16    
euler  -12.12   13.47   -2.16    
euler  -12.12   13.47   -2.16    
euler  -12.12   13.47   -2.16    
euler  -12.12   13.46   -2.16    
euler  -12.12   13.46   -2.17    
euler  -12.12   13.46   -2.16    
euler  -12.12   13.46   -2.16    
euler  -12.12   13.46   -2.16    
euler  -12.12   13.46   -2.16    
euler  -12.12   13.46   -2.16    
euler  -12.12   13.46   -2.16    
euler  -12.12   13.46   -2.16    
euler  -12.12   13.46   -2.16    
euler  -12.12   13.46   -2.17    
euler  -12.13   13.47   -2.17    
euler  -12.13   13.46   -2.16    
euler  -12.13   13.47   -2.17    
euler  -12.13   13.47   -2.17    
euler  -12.13   13.47   -2.17    
euler  -12.13   13.47   -2.17    
euler  -12.13   13.47   -2.17    
euler  -12.13   13.47   -2.17    
euler  -12.13   13.47   -2.17    
euler  -12.13   13.47   -2.17    
euler  -12.13   13.47   -2.17    
euler  -12.13   13.47   -2.17    
euler  -12.13   13.47   -2.17    
euler  -12.13   13.47   -2.17    
euler  -12.13   13.47   -2.17    
euler  -12.13   13.47   -2.17    
euler  -12.13   13.48   -2.17    
euler  -12.13   13.47   -2.17    
euler  -12.13   13.48   -2.17    
euler  -12.13   13.47   -2.18    
euler  -12.13   13.48   -2.18    
euler  -12.13   13.47   -2.18    
euler  -12.14   13.47   -2.18    
euler  -12.14   13.47   -2.18    
euler  -12.14   13.47   -2.18    
euler  -12.14   13.46   -2.18    
euler  -12.14   13.46   -2.18    
euler  -12.14   13.45   -2.18    
euler  -12.14   13.45   -2.18    
euler  -12.14   13.46   -2.19    
euler  -12.14   13.45   -2.19    
euler  -12.14   13.45   -2.19    
euler  -12.14   13.45   -2.19    
euler  -12.13   13.45   -2.19    
euler  -12.13   13.45   -2.19    
euler  -12.13   13.45   -2.19    
euler  -12.13   13.45   -2.19    
euler  -12.13   13.45   -2.18    
euler  -12.13   13.45   -2.18    
euler  -12.13   13.45   -2.18    
euler  -12.13   13.45   -2.18    
euler  -12.13   13.45   -2.18    
euler  -12.13   13.45   -2.18    
euler  -12.13   13.46   -2.18    
euler  -12.14   13.45   -2.18    
euler  -12.14   13.45   -2.18    
euler  -12.14   13.45   -2.18    
euler  -12.13   13.46   -2.17    
euler  -12.13   13.46   -2.17    
euler  -12.13   13.46   -2.17    
euler  -12.13   13.46   -2.17    
euler  -12.14   13.45   -2.18    
euler  -12.14   13.45   -2.18    
euler  -12.14   13.45   -2.18    
euler  -12.14   13.45   -2.18    
euler  -12.14   13.46   -2.18    
euler  -12.14   13.46   -2.18    
euler  -12.14   13.46   -2.18    
euler  -12.14   13.45   -2.18    
euler  -12.15   13.45   -2.18    
euler  -12.15   13.45   -2.18    
euler  -12.15   13.46   -2.18    
euler  -12.15   13.46   -2.18    
euler  -12.15   13.46   -2.18    
euler  -12.15   13.46   -2.18    
euler  -12.15   13.46   -2.18    
euler  -12.15   13.46   -2.18    
euler  -12.15   13.46   -2.18    
euler  -12.15   13.46   -2.18    
euler  -12.15   13.46   -2.18    
euler  -12.15   13.46   -2.18    
euler  -12.15   13.46   -2.18    
euler  -12.15   13.46   -2.18    
euler  -12.16   13.46   -2.18    
euler  -12.15   13.47   -2.18    
euler  -12.16   13.47   -2.18    
euler  -12.16   13.47   -2.18    
euler  -12.16   13.47   -2.18    
euler  -12.16   13.47   -2.18    
euler  -12.16   13.47   -2.18    
euler  -12.16   13.47   -2.18    
euler  -12.16   13.47   -2.18    
euler  -12.16   13.47   -2.19    
euler  -12.16   13.47   -2.19    
euler  -12.16   13.47   -2.19    
euler  -12.16   13.47   -2.18    
euler  -12.16   13.47   -2.19    
euler  -12.16   13.47   -2.19    
euler  -12.16   13.47   -2.19    
euler  -12.16   13.47   -2.19    
euler  -12.16   13.46   -2.19    
euler  -12.16   13.47   -2.19    
euler  -12.16   13.47   -2.19    
euler  -12.16   13.47   -2.19    
euler  -12.16   13.46   -2.19    
euler  -12.16   13.47   -2.19    
euler  -12.16   13.47   -2.19    
euler  -12.16   13.47   -2.19    
euler  -12.16   13.47   -2.19    
euler  -12.17   13.46   -2.19    
euler  -12.17   13.47   -2.19    
euler  -12.16   13.46   -2.19    
euler  -12.16   13.46   -2.19    
euler  -12.16   13.46   -2.19    
euler  -12.16   13.46   -2.18    
euler  -12.17   13.46   -2.19    
euler  -12.17   13.46   -2.19    
euler  -12.17   13.46   -2.19    
euler  -12.17   13.46   -2.18    
euler  -12.16   13.46   -2.18    
euler  -12.17   13.46   -2.19    
euler  -12.17   13.46   -2.18    
euler  -12.16   13.46   -2.18    
euler  -12.17   13.45   -2.18    
euler  -12.17   13.45   -2.19    
euler  -12.17   13.45   -2.19    
euler  -12.17   13.45   -2.19    
euler  -12.17   13.45   -2.19    
euler  -12.16   13.45   -2.19    
euler  -12.16   13.45   -2.19    
euler  -12.16   13.46   -2.19    
euler  -12.16   13.46   -2.19    
euler  -12.16   13.45   -2.19    
euler  -12.16   13.45   -2.19    
euler  -12.16   13.45   -2.19    
euler  -12.16   13.45   -2.19    
euler  -12.16   13.45   -2.19    
euler  -12.16   13.45   -2.19    
euler  -12.17   13.45   -2.19    
euler  -12.17   13.46   -2.19    
euler  -12.17   13.46   -2.19    
euler  -12.17   13.46   -2.19    
euler  -12.17   13.46   -2.19    
euler  -12.17   13.46   -2.20    
euler  -12.17   13.46   -2.20    
euler  -12.17   13.46   -2.19    
euler  -12.17   13.46   -2.19    
euler  -12.17   13.46   -2.19    
euler  -12.17   13.46   -2.19    
euler  -12.17   13.46   -2.19    
euler  -12.17   13.46   -2.19    
euler  -12.17   13.46   -2.19    
euler  -12.17   13.47   -2.19    
euler  -12.17   13.46   -2.19    
euler  -12.17   13.46   -2.19    
euler  -12.17   13.46   -2.19    
euler  -12.17   13.46   -2.19    
euler  -12.17   13.47   -2.19    
euler  -12.17   13.47   -2.19    
euler  -12.17   13.47   -2.19    
euler  -12.17   13.47   -2.19    
euler  -12.17   13.47   -2.19    
euler  -12.17   13.47   -2.19    
euler  -12.17   13.47   -2.19    
euler  -12.17   13.47   -2.19    
euler  -12.16   13.48   -2.19    
euler  -12.16   13.48   -2.19    
euler  -12.16   13.48   -2.19    
euler  -12.16   13.48   -2.19    
euler  -12.16   13.48   -2.19    
euler  -12.16   13.48   -2.19    
euler  -12.16   13.48   -2.19    
euler  -12.16   13.48   -2.18    
euler  -12.16   13.48   -2.18    
euler  -12.16   13.48   -2.18    
euler  -12.16   13.48   -2.18    
euler  -12.16   13.48   -2.18    
euler  -12.16   13.48   -2.18    
euler  -12.16   13.48   -2.18    
euler  -12.16   13.48   -2.18    
euler  -12.16   13.48   -2.18    
euler  -12.16   13.48   -2.18    
euler  -12.16   13.48   -2.18    
euler  -12.16   13.48   -2.17    
euler  -12.16   13.48   -2.17    
euler  -12.16   13.48   -2.17    
euler  -12.16   13.48   -2.17    
euler  -12.16   13.48   -2.17    
euler  -12.16   13.48   -2.17    
euler  -12.16   13.48   -2.17    
euler  -12.16   13.48   -2.17    
euler  -12.16   13.48   -2.17    
euler  -12.16   13.48   -2.17    
euler  -12.16   13.48   -2.18    
euler  -12.16   13.48   -2.17    
euler  -12.16   13.48   -2.17    
euler  -12.16   13.48   -2.17    
euler  -12.16   13.48   -2.17    
euler  -12.16   13.48   -2.16    
euler  -12.16   13.48   -2.16    
euler  -12.16   13.48   -2.16    
euler  -12.16   13.47   -2.16    
euler  -12.16   13.47   -2.16    
euler  -12.16   13.47   -2.16    
euler  -12.16   13.47   -2.17    
euler  -12.16   13.47   -2.17    
euler  -12.16   13.47   -2.17    
euler  -12.16   13.47   -2.16    
euler  -12.17   13.47   -2.16    
euler  -12.17   13.46   -2.16    
euler  -12.16   13.46   -2.16    
euler  -12.17   13.46   -2.16    
euler  -12.16   13.46   -2.16    
euler  -12.16   13.46   -2.17    
euler  -12.16   13.47   -2.17    
euler  -12.17   13.47   -2.17    
euler  -12.16   13.47   -2.17    
euler  -12.16   13.47   -2.17    
euler  -12.17   13.47   -2.17    
euler  -12.17   13.47   -2.17    
euler  -12.17   13.47   -2.17    
euler  -12.17   13.48   -2.17    
euler  -12.17   13.48   -2.17    
euler  -12.17   13.47   -2.17    
euler  -12.17   13.47   -2.17    
euler  -12.17   13.47   -2.17    
euler  -12.17   13.47   -2.17    
euler  -12.17   13.47   -2.17    
euler  -12.17   13.47   -2.17    
euler  -12.17   13.47   -2.17    
euler  -12.17   13.47   -2.17    
euler  -12.17   13.47   -2.17    
euler  -12.17   13.47   -2.17    
euler  -12.17   13.47   -2.17    
euler  -12.17   13.47   -2.17    
euler  -12.17   13.47   -2.17    
euler  -12.17   13.47   -2.17    
euler  -12.17   13.47   -2.17    
euler  -12.17   13.47   -2.17    
euler  -12.17   13.48   -2.17    
euler  -12.17   13.48   -2.17    
euler  -12.17   13.48   -2.17    
euler  -12.17   13.48   -2.17    
euler  -12.17   13.48   -2.17    
euler  -12.18   13.48   -2.17    
euler  -12.18   13.48   -2.17    
euler  -12.18   13.48   -2.17    
euler  -12.18   13.48   -2.17    
euler  -12.18   13.48   -2.17    
euler  -12.18   13.48   -2.17    
euler  -12.17   13.47   -2.17    
euler  -12.17   13.47   -2.17    
euler  -12.17   13.47   -2.17    
euler  -12.17   13.47   -2.17    
euler  -12.17   13.47   -2.17    
euler  -12.17   13.48   -2.17    
euler  -12.17   13.47   -2.17    
euler  -12.17   13.47   -2.17    
euler  -12.17   13.48   -2.17    
euler  -12.17   13.47   -2.16    
euler  -12.17   13.48   -2.16    
euler  -12.17   13.48   -2.17    
euler  -12.17   13.48   -2.16    
euler  -12.17   13.47   -2.16    
euler  -12.17   13.47   -2.16    
euler  -12.17   13.47   -2.16    
euler  -12.17   13.47   -2.16    
euler  -12.17   13.48   -2.17    
euler  -12.17   13.48   -2.17    
euler  -12.18   13.48   -2.17    
euler  -12.18   13.48   -2.17    
euler  -12.18   13.48   -2.17    
euler  -12.18   13.48   -2.17    
euler  -12.18   13.48   -2.17    
euler  -12.18   13.49   -2.18    
euler  -12.18   13.48   -2.17    
euler  -12.18   13.48   -2.18    
euler  -12.18   13.48   -2.18    
euler  -12.18   13.48   -2.18    
euler  -12.18   13.48   -2.17    
euler  -12.18   13.48   -2.18    
euler  -12.18   13.48   -2.18    
euler  -12.18   13.48   -2.18    
euler  -12.18   13.48   -2.18    
euler  -12.18   13.48   -2.18    
euler  -12.18   13.48   -2.17    
euler  -12.18   13.48   -2.17    
euler  -12.18   13.49   -2.18    
euler  -12.18   13.49   -2.18    
euler  -12.18   13.49   -2.18    
euler  -12.18   13.49   -2.18    
euler  -12.18   13.49   -2.18    
euler  -12.18   13.49   -2.18    
euler  -12.18   13.49   -2.18    
euler  -12.18   13.49   -2.18    
euler  -12.18   13.49   -2.18    
euler  -12.18   13.49   -2.18    
euler  -12.18   13.48   -2.18    
euler  -12.18   13.48   -2.18    
euler  -12.17   13.48   -2.18    
euler  -12.18   13.47   -2.19    
euler  -12.18   13.48   -2.19    
euler  -12.18   13.48   -2.19    
euler  -12.18   13.48   -2.18    
euler  -12.18   13.48   -2.19    
euler  -12.18   13.47   -2.18    
euler  -12.18   13.47   -2.18    
euler  -12.18   13.47   -2.18    
euler  -12.18   13.47   -2.18    
euler  -12.18   13.47   -2.18    
euler  -12.18   13.47   -2.18    
euler  -12.18   13.47   -2.19    
euler  -12.18   13.47   -2.18    
euler  -12.18   13.46   -2.18    
euler  -12.18   13.47   -2.19    
euler  -12.18   13.47   -2.19    
euler  -12.18   13.46   -2.18    
euler  -12.18   13.46   -2.18    
euler  -12.18   13.46   -2.18    
euler  -12.18   13.46   -2.19    
euler  -12.18   13.46   -2.18    
euler  -12.18   13.46   -2.18    
euler  -12.18   13.46   -2.18    
euler  -12.18   13.46   -2.18    
euler  -12.18   13.46   -2.18    
euler  -12.18   13.46   -2.18    
euler  -12.18   13.46   -2.18    
euler  -12.18   13.46   -2.18    
euler  -12.18   13.46   -2.19    
euler  -12.18   13.45   -2.19    
euler  -12.18   13.46   -2.18    
euler  -12.18   13.45   -2.18    
euler  -12.18   13.45   -2.18    
euler  -12.18   13.45   -2.18    
euler  -12.18   13.45   -2.19    
euler  -12.18   13.45   -2.18    
euler  -12.18   13.45   -2.19    
euler  -12.18   13.45   -2.19    
euler  -12.18   13.45   -2.18    
euler  -12.18   13.45   -2.19    
euler  -12.18   13.45   -2.19    
euler  -12.18   13.45   -2.19    
euler  -12.18   13.45   -2.19    
euler  -12.18   13.45   -2.19    
euler  -12.18   13.45   -2.18    
euler  -12.18   13.45   -2.19    
euler  -12.18   13.45   -2.18    
euler  -12.18   13.45   -2.19    
euler  -12.18   13.45   -2.18    
euler  -12.18   13.45   -2.18    
euler  -12.18   13.45   -2.18    
euler  -12.18   13.45   -2.18    
euler  -12.18   13.45   -2.18    
euler  -12.18   13.45   -2.18    
euler  -12.18   13.45   -2.18    
euler  -12.18   13.45   -2.18    
euler  -12.18   13.45   -2.18    
euler  -12.18   13.45   -2.18    
euler  -12.18   13.45   -2.18    
euler  -12.18   13.45   -2.18    
euler  -12.18   13.45   -2.17    
euler  -12.18   13.45   -2.17    
euler  -12.18   13.45   -2.17    
euler  -12.18   13.45   -2.17    
euler  -12.18   13.46   -2.17    
euler  -12.18   13.45   -2.18    
euler  -12.18   13.45   -2.18    
euler  -12.18   13.45   -2.18    
euler  -12.18   13.45   -2.19    
euler  -12.18   13.45   -2.19    
euler  -12.18   13.45   -2.19    
euler  -12.18   13.45   -2.18    
euler  -12.19   13.45   -2.18    
euler  -12.18   13.45   -2.18    
euler  -12.19   13.45   -2.19    
euler  -12.18   13.44   -2.18    
euler  -12.18   13.44   -2.18    
euler  -12.18   13.44   -2.18    
euler  -12.19   13.44   -2.18    
euler  -12.19   13.44   -2.18    
euler  -12.19   13.45   -2.18    
euler  -12.19   13.45   -2.19    
euler  -12.19   13.45   -2.19    
euler  -12.19   13.45   -2.19    
euler  -12.19   13.45   -2.19    
euler  -12.19   13.45   -2.19    
euler  -12.19   13.45   -2.18    
euler  -12.19   13.45   -2.18    
euler  -12.19   13.45   -2.18    
euler  -12.19   13.45   -2.18    
euler  -12.19   13.45   -2.18    
euler  -12.19   13.45   -2.18    
euler  -12.19   13.45   -2.18    
euler  -12.19   13.45   -2.18    
euler  -12.19   13.45   -2.18    
euler  -12.19   13.45   -2.18    
euler  -12.19   13.45   -2.18    
euler  -12.19   13.45   -2.18    
euler  -12.19   13.45   -2.18    
euler  -12.18   13.45   -2.18    
euler  -12.19   13.45   -2.17    
euler  -12.19   13.46   -2.17    
euler  -12.19   13.45   -2.17    
euler  -12.19   13.46   -2.17    
euler  -12.18   13.45   -2.17    
euler  -12.18   13.45   -2.17    
euler  -12.18   13.45   -2.17    
euler  -12.18   13.45   -2.17    
euler  -12.18   13.45   -2.17    
euler  -12.18   13.45   -2.18    
euler  -12.18   13.45   -2.18    
euler  -12.18   13.45   -2.18    
euler  -12.18   13.45   -2.18    
euler  -12.18   13.45   -2.18    
euler  -12.18   13.45   -2.18    
euler  -12.18   13.45   -2.18    
euler  -12.18   13.44   -2.18    
euler  -12.18   13.45   -2.18    
euler  -12.18   13.45   -2.18    
euler  -12.18   13.45   -2.17    
euler  -12.18   13.45   -2.17    
euler  -12.18   13.45   -2.17    
euler  -12.18   13.45   -2.17    
euler  -12.18   13.45   -2.17    
euler  -12.18   13.45   -2.17    
euler  -12.18   13.46   -2.17    
euler  -12.17   13.45   -2.16    
euler  -12.18   13.45   -2.17    
euler  -12.18   13.45   -2.17    
euler  -12.18   13.45   -2.17    
euler  -12.18   13.45   -2.17    
euler  -12.18   13.46   -2.17    
euler  -12.18   13.46   -2.17    
euler  -12.18   13.46   -2.17    
euler  -12.18   13.46   -2.17    
euler  -12.18   13.46   -2.17    
euler  -12.18   13.45   -2.17    
euler  -12.18   13.45   -2.18    
euler  -12.18   13.45   -2.17    
euler  -12.18   13.45   -2.17    
euler  -12.18   13.46   -2.17    
euler  -12.18   13.45   -2.17    
euler  -12.18   13.45   -2.17    
euler  -12.18   13.45   -2.17    
euler  -12.18   13.45   -2.17    
euler  -12.18   13.45   -2.17    
euler  -12.18   13.45   -2.17    
euler  -12.18   13.45   -2.18    
euler  -12.18   13.45   -2.18    
euler  -12.18   13.45   -2.18    
euler  -12.18   13.45   -2.18    
euler  -12.18   13.46   -2.17    
euler  -12.18   13.46   -2.17    
euler  -12.18   13.46   -2.17    
euler  -12.18   13.46   -2.17    
euler  -12.18   13.46   -2.17    
euler  -12.19   13.46   -2.17    
euler  -12.19   13.46   -2.17    
euler  -12.19   13.46   -2.17    
euler  -12.19   13.46   -2.17    
euler  -12.19   13.46   -2.17    
euler  -12.19   13.46   -2.17    
euler  -12.18   13.46   -2.17    
euler  -12.18   13.46   -2.17    
euler  -12.18   13.46   -2.17    
euler  -12.19   13.46   -2.17    
euler  -12.18   13.46   -2.17    
euler  -12.19   13.47   -2.17    
euler  -12.19   13.46   -2.17    
euler  -12.19   13.47   -2.17    
euler  -12.19   13.47   -2.17    
euler  -12.19   13.47   -2.17    
euler  -12.19   13.47   -2.17    
euler  -12.19   13.47   -2.17    
euler  -12.19   13.47   -2.17    
euler  -12.19   13.48   -2.17    
euler  -12.19   13.48   -2.17    
euler  -12.19   13.48   -2.17    
euler  -12.19   13.48   -2.17    
euler  -12.19   13.48   -2.17    
euler  -12.19   13.48   -2.17    
euler  -12.19   13.48   -2.17    
euler  -12.19   13.48   -2.17    
euler  -12.19   13.48   -2.16    
euler  -12.19   13.49   -2.16    
euler  -12.19   13.49   -2.16    
euler  -12.20   13.49   -2.17    
euler  -12.20   13.49   -2.17    
euler  -12.20   13.49   -2.17    
euler  -12.19   13.49   -2.18    
euler  -12.20   13.50   -2.18    
euler  -12.20   13.49   -2.18    
euler  -12.20   13.49   -2.18    
euler  -12.20   13.49   -2.18    
euler  -12.20   13.49   -2.18    
euler  -12.20   13.49   -2.18    
euler  -12.20   13.49   -2.18    
euler  -12.19   13.49   -2.18    
euler  -12.19   13.49   -2.18    
euler  -12.20   13.49   -2.18    
euler  -12.20   13.49   -2.18    
euler  -12.20   13.49   -2.18    
euler  -12.20   13.49   -2.18    
euler  -12.20   13.49   -2.18    
euler  -12.20   13.49   -2.18    
euler  -12.20   13.49   -2.18    
euler  -12.20   13.49   -2.18    
euler  -12.20   13.49   -2.18    
euler  -12.20   13.49   -2.18    
euler  -12.19   13.48   -2.18    
euler  -12.19   13.49   -2.18    
euler  -12.19   13.49   -2.18    
euler  -12.19   13.49   -2.18    
euler  -12.19   13.48   -2.18    
euler  -12.20   13.48   -2.18    
euler  -12.20   13.49   -2.18    
euler  -12.20   13.49   -2.19    
euler  -12.20   13.49   -2.18    
euler  -12.20   13.49   -2.19    
euler  -12.20   13.49   -2.19    
euler  -12.20   13.50   -2.19    
euler  -12.20   13.49   -2.18    
euler  -12.20   13.49   -2.18    
euler  -12.20   13.49   -2.19    
euler  -12.20   13.49   -2.19    
euler  -12.19   13.49   -2.18    
euler  -12.19   13.49   -2.18    
euler  -12.19   13.49   -2.19    
euler  -12.19   13.49   -2.18    
euler  -12.20   13.49   -2.18    
euler  -12.20   13.48   -2.18    
euler  -12.20   13.49   -2.18    
euler  -12.20   13.49   -2.18    
euler  -12.20   13.49   -2.19    
euler  -12.20   13.49   -2.19    
euler  -12.20   13.49   -2.18    
euler  -12.20   13.49   -2.18    
euler  -12.20   13.49   -2.18    
euler  -12.20   13.49   -2.18    
euler  -12.20   13.49   -2.18    
euler  -12.20   13.49   -2.18    
euler  -12.20   13.49   -2.18    
euler  -12.20   13.49   -2.19    
euler  -12.20   13.49   -2.18    
euler  -12.20   13.49   -2.18    
euler  -12.20   13.50   -2.19    
euler  -12.20   13.50   -2.19    
euler  -12.21   13.50   -2.19    
euler  -12.21   13.50   -2.19    
euler  -12.21   13.50   -2.19    
euler  -12.21   13.50   -2.19    
euler  -12.21   13.50   -2.19    
euler  -12.21   13.50   -2.19    
euler  -12.21   13.49   -2.19    
euler  -12.21   13.49   -2.19    
euler  -12.21   13.50   -2.19    
euler  -12.21   13.50   -2.19    
euler  -12.21   13.50   -2.19    
euler  -12.21   13.50   -2.19    
euler  -12.21   13.50   -2.19    
euler  -12.21   13.50   -2.19    
euler  -12.21   13.50   -2.19    
euler  -12.21   13.50   -2.19    
euler  -12.21   13.50   -2.19    
euler  -12.21   13.50   -2.19    
euler  -12.22   13.51   -2.19    
euler  -12.22   13.51   -2.20    
euler  -12.22   13.51   -2.20    
euler  -12.22   13.51   -2.20    
euler  -12.22   13.51   -2.20    
euler  -12.22   13.51   -2.20    
euler  -12.22   13.51   -2.20    
euler  -12.22   13.51   -2.20    
euler  -12.22   13.51   -2.20    
euler  -12.22   13.51   -2.20    
euler  -12.22   13.51   -2.20    
euler  -12.22   13.51   -2.20    
euler  -12.22   13.51   -2.20    
euler  -12.22   13.51   -2.20    
euler  -12.22   13.51   -2.20    
euler  -12.22   13.51   -2.20    
euler  -12.22   13.51   -2.20    
euler  -12.22   13.50   -2.20    
euler  -12.22   13.50   -2.20    
euler  -12.22   13.50   -2.20    
euler  -12.22   13.50   -2.19    
euler  -12.22   13.50   -2.20    
euler  -12.22   13.50   -2.20    
euler  -12.22   13.50   -2.20    
euler  -12.22   13.50   -2.20    
euler  -12.22   13.50   -2.20    
euler  -12.22   13.50   -2.20    
euler  -12.22   13.49   -2.20    
euler  -12.22   13.49   -2.19    
euler  -12.22   13.49   -2.19    
euler  -12.22   13.49   -2.19    
euler  -12.22   13.49   -2.19    
euler  -12.22   13.49   -2.19    
euler  -12.23   13.49   -2.20    
euler  -12.23   13.48   -2.19    
euler  -12.23   13.48   -2.19    
euler  -12.23   13.47   -2.20    
euler  -12.23   13.48   -2.20    
euler  -12.23   13.48   -2.19    
euler  -12.23   13.48   -2.19    
euler  -12.23   13.48   -2.19    
euler  -12.22   13.48   -2.19    
euler  -12.22   13.48   -2.19    
euler  -12.23   13.48   -2.19    
euler  -12.23   13.48   -2.19    
euler  -12.23   13.47   -2.19    
euler  -12.23   13.48   -2.19    
euler  -12.23   13.47   -2.19    
euler  -12.23   13.47   -2.19    
euler  -12.23   13.47   -2.19    
euler  -12.23   13.47   -2.19    
euler  -12.23   13.47   -2.19    
euler  -12.23   13.47   -2.19    
euler  -12.23   13.47   -2.19    
euler  -12.23   13.46   -2.19    
euler  -12.23   13.47   -2.19    
euler  -12.23   13.47   -2.19    
euler  -12.23   13.47   -2.19    
euler  -12.23   13.47   -2.19    
euler  -12.23   13.47   -2.19    
euler  -12.23   13.47   -2.19    
euler  -12.23   13.47   -2.19    
euler  -12.23   13.47   -2.19    
euler  -12.23   13.47   -2.19    
euler  -12.23   13.46   -2.19    
euler  -12.23   13.46   -2.19    
euler  -12.23   13.46   -2.19    
euler  -12.23   13.46   -2.19    
euler  -12.23   13.46   -2.19    
euler  -12.23   13.46   -2.19    
euler  -12.23   13.45   -2.18    
euler  -12.23   13.45   -2.19    
euler  -12.23   13.45   -2.19    
euler  -12.23   13.45   -2.18    
euler  -12.23   13.45   -2.19    
euler  -12.23   13.45   -2.19    
euler  -12.23   13.45   -2.19    
euler  -12.23   13.45   -2.19    
euler  -12.23   13.45   -2.19    
euler  -12.23   13.45   -2.19    
euler  -12.23   13.45   -2.19    
euler  -12.23   13.45   -2.19    
euler  -12.23   13.45   -2.19    
euler  -12.23   13.45   -2.18    
euler  -12.23   13.46   -2.19    
euler  -12.23   13.45   -2.18    
euler  -12.23   13.45   -2.19    
euler  -12.23   13.45   -2.19    
euler  -12.23   13.46   -2.19    
euler  -12.23   13.46   -2.19    
euler  -12.23   13.46   -2.19    
euler  -12.23   13.46   -2.19    
euler  -12.23   13.46   -2.19    
euler  -12.23   13.46   -2.19    
euler  -12.23   13.46   -2.19    
euler  -12.24   13.46   -2.19    
euler  -12.24   13.46   -2.19    
euler  -12.23   13.46   -2.19    
euler  -12.24   13.47   -2.19    
euler  -12.24   13.46   -2.19    
euler  -12.24   13.46   -2.19    
euler  -12.24   13.47   -2.19    
euler  -12.24   13.47   -2.19    
euler  -12.24   13.47   -2.19    
euler  -12.24   13.47   -2.19    
euler  -12.24   13.46   -2.19    
euler  -12.24   13.47   -2.19    
euler  -12.24   13.46   -2.19    
euler  -12.24   13.46   -2.19    
euler  -12.24   13.45   -2.19    
euler  -12.24   13.45   -2.19    
euler  -12.24   13.46   -2.19    
euler  -12.24   13.46   -2.19    
euler  -12.24   13.46   -2.19    
euler  -12.24   13.46   -2.19    
euler  -12.24   13.45   -2.19    
euler  -12.25   13.45   -2.19    
euler  -12.25   13.46   -2.19    
euler  -12.25   13.45   -2.18    
euler  -12.25   13.45   -2.18    
euler  -12.25   13.45   -2.18    
euler  -12.25   13.45   -2.18    
euler  -12.25   13.45   -2.18    
euler  -12.25   13.45   -2.19    
euler  -12.25   13.45   -2.19    
euler  -12.25   13.45   -2.19    
euler  -12.25   13.45   -2.19    
euler  -12.25   13.45   -2.19    
euler  -12.25   13.45   -2.18    
euler  -12.25   13.45   -2.19    
euler  -12.25   13.45   -2.19    
euler  -12.25   13.45   -2.18    
euler  -12.25   13.45   -2.18    
euler  -12.25   13.45   -2.18    
euler  -12.25   13.45   -2.19    
euler  -12.25   13.45   -2.19    
euler  -12.25   13.45   -2.19    
euler  -12.25   13.45   -2.19    
euler  -12.25   13.45   -2.19    
euler  -12.25   13.46   -2.19    
euler  -12.25   13.45   -2.19    
euler  -12.25   13.46   -2.19    
euler  -12.25   13.46   -2.19    
euler  -12.25   13.46   -2.19    
euler  -12.25   13.46   -2.19    
euler  -12.25   13.46   -2.19    
euler  -12.25   13.46   -2.19    
euler  -12.25   13.46   -2.19    
euler  -12.25   13.47   -2.18    
euler  -12.25   13.46   -2.18    
euler  -12.25   13.46   -2.18    
euler  -12.26   13.46   -2.19    
euler  -12.26   13.46   -2.19    
euler  -12.26   13.46   -2.19    
euler  -12.25   13.46   -2.19    
euler  -12.25   13.46   -2.18    
euler  -12.25   13.46   -2.18    
euler  -12.26   13.46   -2.19    
euler  -12.26   13.47   -2.19    
euler  -12.26   13.47   -2.19    
euler  -12.26   13.47   -2.19    
euler  -12.26   13.46   -2.19    
euler  -12.26   13.47   -2.19    
euler  -12.26   13.47   -2.19    
euler  -12.26   13.47   -2.19    
euler  -12.26   13.47   -2.19    
euler  -12.26   13.47   -2.19    
euler  -12.26   13.47   -2.19    
euler  -12.26   13.47   -2.19    
euler  -12.26   13.47   -2.19    
euler  -12.26   13.47   -2.19    
euler  -12.26   13.47   -2.19    
euler  -12.26   13.47   -2.19    
euler  -12.26   13.47   -2.19    
euler  -12.26   13.47   -2.19    
euler  -12.26   13.47   -2.19    
euler  -12.26   13.47   -2.19    
euler  -12.26   13.47   -2.19    
euler  -12.26   13.47   -2.19    
euler  -12.26   13.47   -2.19    
euler  -12.26   13.47   -2.19    
euler  -12.26   13.47   -2.19    
euler  -12.26   13.47   -2.19    
euler  -12.26   13.47   -2.19    
euler  -12.26   13.47   -2.19    
euler  -12.26   13.47   -2.19    
euler  -12.26   13.46   -2.19    
euler  -12.26   13.47   -2.19    
euler  -12.26   13.46   -2.19    
euler  -12.26   13.47   -2.19    
euler  -12.26   13.47   -2.19    
euler  -12.26   13.47   -2.19    
euler  -12.26   13.47   -2.19    
euler  -12.26   13.46   -2.19    
euler  -12.26   13.47   -2.19    
euler  -12.26   13.47   -2.19    
euler  -12.26   13.47   -2.19    
euler  -12.26   13.47   -2.19    
euler  -12.26   13.47   -2.19    
euler  -12.26   13.47   -2.19    
euler  -12.26   13.47   -2.19    
euler  -12.26   13.47   -2.19    
euler  -12.26   13.47   -2.19    
euler  -12.26   13.46   -2.19    
euler  -12.26   13.46   -2.19    
euler  -12.26   13.46   -2.19    
euler  -12.26   13.46   -2.19    
euler  -12.26   13.46   -2.19    
euler  -12.26   13.46   -2.19    
euler  -12.26   13.46   -2.19    
euler  -12.26   13.46   -2.19    
euler  -12.27   13.46   -2.19    
euler  -12.27   13.46   -2.19    
euler  -12.27   13.45   -2.19    
euler  -12.27   13.45   -2.19    
euler  -12.27   13.45   -2.19    
euler  -12.27   13.45   -2.19    
euler  -12.27   13.45   -2.20    
euler  -12.27   13.45   -2.20    
euler  -12.27   13.45   -2.20    
euler  -12.27   13.45   -2.20    
euler  -12.27   13.45   -2.20    
euler  -12.27   13.46   -2.20    
euler  -12.27   13.46   -2.20    
euler  -12.27   13.47   -2.20    
euler  -12.27   13.46   -2.20    
euler  -12.27   13.47   -2.21    
euler  -12.27   13.47   -2.21    
euler  -12.27   13.47   -2.21    
euler  -12.27   13.47   -2.21    
euler  -12.27   13.47   -2.21    
euler  -12.27   13.47   -2.21    
euler  -12.27   13.47   -2.21    
euler  -12.27   13.47   -2.21    
euler  -12.27   13.47   -2.21    
euler  -12.27   13.47   -2.21    
euler  -12.27   13.47   -2.20    
euler  -12.27   13.47   -2.20    
euler  -12.27   13.47   -2.20    
euler  -12.28   13.47   -2.21    
euler  -12.28   13.47   -2.21    
euler  -12.28   13.47   -2.20    
euler  -12.28   13.47   -2.20    
euler  -12.28   13.47   -2.20    
euler  -12.28   13.47   -2.20    
euler  -12.28   13.47   -2.20    
euler  -12.28   13.48   -2.20    
euler  -12.28   13.48   -2.20    
euler  -12.28   13.48   -2.20    
euler  -12.28   13.48   -2.20    
euler  -12.28   13.48   -2.20    
euler  -12.28   13.48   -2.20    
euler  -12.28   13.48   -2.20    
euler  -12.29   13.47   -2.20    
euler  -12.29   13.48   -2.20    
euler  -12.29   13.48   -2.20    
euler  -12.29   13.48   -2.20    
euler  -12.29   13.48   -2.20    
euler  -12.29   13.48   -2.20    
euler  -12.29   13.47   -2.20    
euler  -12.29   13.47   -2.20    
euler  -12.29   13.47   -2.20    
euler  -12.30   13.47   -2.20    
euler  -12.30   13.47   -2.20    
euler  -12.30   13.47   -2.20    
euler  -12.30   13.47   -2.20    
euler  -12.30   13.47   -2.20    
euler  -12.30   13.47   -2.21    
euler  -12.30   13.47   -2.21    
euler  -12.30   13.47   -2.21    
euler  -12.30   13.47   -2.21    
euler  -12.30   13.47   -2.21    
euler  -12.30   13.47   -2.21    
euler  -12.30   13.46   -2.22    
euler  -12.31   13.46   -2.21    
euler  -12.31   13.45   -2.21    
euler  -12.31   13.45   -2.21    
euler  -12.31   13.46   -2.21    
euler  -12.31   13.46   -2.21    
euler  -12.31   13.46   -2.21    
euler  -12.31   13.46   -2.21    
euler  -12.31   13.46   -2.21    
euler  -12.31   13.46   -2.21    
euler  -12.31   13.46   -2.21    
euler  -12.31   13.46   -2.21    
euler  -12.31   13.46   -2.21    
euler  -12.31   13.46   -2.21    
euler  -12.31   13.46   -2.21    
euler  -12.31   13.46   -2.21    
euler  -12.31   13.46   -2.21    
euler  -12.31   13.46   -2.20    
euler  -12.31   13.46   -2.20    
euler  -12.31   13.46   -2.21    
euler  -12.31   13.47   -2.20    
euler  -12.31   13.46   -2.20    
euler  -12.31   13.46   -2.21    
euler  -12.31   13.46   -2.21    
euler  -12.31   13.46   -2.21    
euler  -12.31   13.46   -2.21    
euler  -12.31   13.46   -2.21    
euler  -12.31   13.46   -2.21    
euler  -12.31   13.46   -2.21    
euler  -12.31   13.46   -2.21    
euler  -12.31   13.46   -2.21    
euler  -12.31   13.46   -2.21    
euler  -12.31   13.46   -2.21    
euler  -12.32   13.46   -2.21    
euler  -12.32   13.46   -2.22    
euler  -12.32   13.46   -2.22    
euler  -12.32   13.46   -2.22    
euler  -12.32   13.46   -2.22    
euler  -12.32   13.46   -2.22    
euler  -12.32   13.46   -2.21    
euler  -12.32   13.46   -2.21    
euler  -12.32   13.46   -2.22    
euler  -12.33   13.46   -2.22    
euler  -12.33   13.46   -2.22    
euler  -12.33   13.45   -2.22    
euler  -12.33   13.45   -2.22    
euler  -12.33   13.45   -2.22    
euler  -12.33   13.45   -2.22    
euler  -12.33   13.46   -2.22    
euler  -12.33   13.46   -2.22    
euler  -12.33   13.46   -2.21    
euler  -12.33   13.46   -2.22    
euler  -12.34   13.46   -2.21    
euler  -12.34   13.46   -2.21    
euler  -12.34   13.46   -2.21    
euler  -12.34   13.46   -2.21    
euler  -12.34   13.46   -2.21    
euler  -12.34   13.46   -2.21    
euler  -12.34   13.45   -2.21    
euler  -12.34   13.46   -2.21    
euler  -12.34   13.45   -2.21    
euler  -12.33   13.45   -2.20    
euler  -12.34   13.45   -2.21    
euler  -12.34   13.46   -2.21    
euler  -12.34   13.46   -2.21    
euler  -12.34   13.46   -2.21    
euler  -12.34   13.46   -2.21    
euler  -12.34   13.46   -2.21    
euler  -12.34   13.46   -2.21    
euler  -12.34   13.46   -2.21    
euler  -12.34   13.46   -2.21    
euler  -12.34   13.46   -2.21    
euler  -12.34   13.46   -2.21    
euler  -12.34   13.46   -2.21    
euler  -12.34   13.46   -2.21    
euler  -12.34   13.46   -2.21    
euler  -12.34   13.46   -2.21    
euler  -12.34   13.47   -2.21    
euler  -12.34   13.47   -2.21    
euler  -12.35   13.46   -2.22    
euler  -12.35   13.46   -2.22    
euler  -12.35   13.46   -2.22    
euler  -12.35   13.46   -2.22    
euler  -12.35   13.46   -2.22    
euler  -12.35   13.46   -2.22    
euler  -12.35   13.46   -2.21    
euler  -12.35   13.46   -2.21    
euler  -12.35   13.46   -2.21 